eval_loss = 2.1904454231262207
eval_acc = 0.5238095238095238
eval_f1 = 0.5252747252747253
eval_acc_and_f1 = 0.5245421245421246
