eval_loss = 1.96955144405365
eval_acc = 0.6
eval_f1 = 0.5982142857142858
eval_acc_and_f1 = 0.5991071428571428
