eval_loss = 1.8681178092956543
eval_acc = 0.8
eval_f1 = 0.7991071428571428
eval_acc_and_f1 = 0.7995535714285714
