eval_loss = 0.5250314474105835
eval_acc = 0.8571428571428571
eval_f1 = 0.8532356532356532
eval_acc_and_f1 = 0.8551892551892551
