eval_loss = 3.8335113525390625
eval_acc = 0.35
eval_f1 = 0.33785714285714286
eval_acc_and_f1 = 0.3439285714285714
