eval_loss = 1.7430564165115356
eval_acc = 0.6
eval_f1 = 0.5555555555555555
eval_acc_and_f1 = 0.5777777777777777
