eval_loss = 4.397981643676758
eval_acc = 0.4666666666666667
eval_f1 = 0.38694638694638694
eval_acc_and_f1 = 0.4268065268065268
