eval_loss = 4.688325881958008
eval_acc = 0.3
eval_f1 = 0.2634920634920635
eval_acc_and_f1 = 0.28174603174603174
