eval_loss = 3.38601016998291
eval_acc = 0.3333333333333333
eval_f1 = 0.328562091503268
eval_acc_and_f1 = 0.3309477124183007
