eval_loss = 2.2131094932556152
eval_acc = 0.55
eval_f1 = 0.5488721804511277
eval_acc_and_f1 = 0.549436090225564
