eval_loss = 2.8427648544311523
eval_acc = 0.37142857142857144
eval_f1 = 0.38047619047619047
eval_acc_and_f1 = 0.3759523809523809
