eval_loss = 0.9220499992370605
eval_acc = 0.7692307692307693
eval_f1 = 0.763464421635336
eval_acc_and_f1 = 0.7663475954330526
