eval_loss = 2.849353790283203
eval_acc = 0.6923076923076923
eval_f1 = 0.6848484848484848
eval_acc_and_f1 = 0.6885780885780886
