eval_loss = 11.913019180297852
eval_acc = 0.2
eval_f1 = 0.13714285714285715
eval_acc_and_f1 = 0.1685714285714286
