eval_loss = 1.2504785060882568
eval_acc = 0.7619047619047619
eval_f1 = 0.753968253968254
eval_acc_and_f1 = 0.7579365079365079
