eval_loss = 0.8590551018714905
eval_acc = 0.8571428571428571
eval_f1 = 0.844574780058651
eval_acc_and_f1 = 0.8508588186007541
