eval_loss = 0.9432627558708191
eval_acc = 0.7380952380952381
eval_f1 = 0.7217893217893218
eval_acc_and_f1 = 0.7299422799422799
