eval_loss = 2.836068630218506
eval_acc = 0.5
eval_f1 = 0.49230769230769234
eval_acc_and_f1 = 0.49615384615384617
