eval_loss = 3.561002254486084
eval_acc = 0.65
eval_f1 = 0.6419437340153452
eval_acc_and_f1 = 0.6459718670076726
