eval_loss = 1.5508700609207153
eval_acc = 0.8333333333333334
eval_f1 = 0.8328173374613004
eval_acc_and_f1 = 0.8330753353973168
