eval_loss = 1.8061224222183228
eval_acc = 0.6153846153846154
eval_f1 = 0.6130952380952381
eval_acc_and_f1 = 0.6142399267399268
