eval_loss = 2.6530168056488037
eval_acc = 0.6666666666666666
eval_f1 = 0.6666666666666666
eval_acc_and_f1 = 0.6666666666666666
