eval_loss = 4.06839656829834
eval_acc = 0.3
eval_f1 = 0.23714285714285716
eval_acc_and_f1 = 0.26857142857142857
