eval_loss = 1.9835458993911743
eval_acc = 0.5333333333333333
eval_f1 = 0.5360269360269361
eval_acc_and_f1 = 0.5346801346801346
