eval_loss = 4.819948196411133
eval_acc = 0.4
eval_f1 = 0.3945868945868946
eval_acc_and_f1 = 0.3972934472934473
