eval_loss = 2.5559241771698
eval_acc = 0.375
eval_f1 = 0.3812631812631813
eval_acc_and_f1 = 0.37813159063159063
