eval_loss = 1.4544570446014404
eval_acc = 0.9047619047619048
eval_f1 = 0.9027777777777778
eval_acc_and_f1 = 0.9037698412698413
