eval_loss = 0.841599702835083
eval_acc = 0.6923076923076923
eval_f1 = 0.6590862274955712
eval_acc_and_f1 = 0.6756969599016318
