eval_loss = 1.0817079544067383
eval_acc = 0.7948717948717948
eval_f1 = 0.7918192918192918
eval_acc_and_f1 = 0.7933455433455433
