eval_loss = 2.4332659244537354
eval_acc = 0.6923076923076923
eval_f1 = 0.6850931677018632
eval_acc_and_f1 = 0.6887004300047778
