eval_loss = 0.7379777431488037
eval_acc = 0.8333333333333334
eval_f1 = 0.832010582010582
eval_acc_and_f1 = 0.8326719576719577
