eval_loss = 3.4347054958343506
eval_acc = 0.5
eval_f1 = 0.39057239057239057
eval_acc_and_f1 = 0.4452861952861953
