eval_loss = 4.393818378448486
eval_acc = 0.4166666666666667
eval_f1 = 0.3571428571428572
eval_acc_and_f1 = 0.386904761904762
