eval_loss = 2.9273650646209717
eval_acc = 0.5714285714285714
eval_f1 = 0.5732085561497327
eval_acc_and_f1 = 0.572318563789152
