eval_loss = 8.611563682556152
eval_acc = 0.4
eval_f1 = 0.2857142857142857
eval_acc_and_f1 = 0.34285714285714286
