eval_loss = 2.2935009002685547
eval_acc = 0.5
eval_f1 = 0.4505494505494506
eval_acc_and_f1 = 0.4752747252747253
