eval_loss = 3.55108380317688
eval_acc = 0.42857142857142855
eval_f1 = 0.42583991859533654
eval_acc_and_f1 = 0.4272056735833826
