eval_loss = 4.3326497077941895
eval_acc = 0.23333333333333334
eval_f1 = 0.231990231990232
eval_acc_and_f1 = 0.23266178266178267
