eval_loss = 0.2871544063091278
eval_acc = 0.9629629629629629
eval_f1 = 0.9628482972136223
eval_acc_and_f1 = 0.9629056300882926
