eval_loss = 0.8920987844467163
eval_acc = 0.8518518518518519
eval_f1 = 0.8549019607843137
eval_acc_and_f1 = 0.8533769063180827
