eval_loss = 1.238950490951538
eval_acc = 0.522
eval_f1 = 0.4985650063104051
eval_acc_and_f1 = 0.5102825031552025
