eval_loss = 1.1538596153259277
eval_acc = 0.9333333333333333
eval_f1 = 0.9326599326599326
eval_acc_and_f1 = 0.932996632996633
