eval_loss = 4.209756851196289
eval_acc = 0.35
eval_f1 = 0.26428571428571435
eval_acc_and_f1 = 0.30714285714285716
