eval_loss = 2.5491981506347656
eval_acc = 0.6333333333333333
eval_f1 = 0.6146464646464647
eval_acc_and_f1 = 0.623989898989899
