eval_loss = 9.376483917236328
eval_acc = 0.1
eval_f1 = 0.06666666666666667
eval_acc_and_f1 = 0.08333333333333334
