eval_loss = 2.9139442443847656
eval_acc = 0.7666666666666667
eval_f1 = 0.7643097643097643
eval_acc_and_f1 = 0.7654882154882154
