eval_loss = 8.035645484924316
eval_acc = 0.4166666666666667
eval_f1 = 0.37229437229437234
eval_acc_and_f1 = 0.39448051948051954
