eval_loss = 1.1282150745391846
eval_acc = 0.9
eval_f1 = 0.8993265993265993
eval_acc_and_f1 = 0.8996632996632996
