eval_loss = 0.7023856043815613
eval_acc = 0.8333333333333334
eval_f1 = 0.8330827067669174
eval_acc_and_f1 = 0.8332080200501254
