eval_loss = 3.2963855266571045
eval_acc = 0.5
eval_f1 = 0.48571428571428577
eval_acc_and_f1 = 0.4928571428571429
