eval_loss = 2.820667266845703
eval_acc = 0.6666666666666666
eval_f1 = 0.625
eval_acc_and_f1 = 0.6458333333333333
