eval_loss = 3.3310041427612305
eval_acc = 0.3333333333333333
eval_f1 = 0.27777777777777773
eval_acc_and_f1 = 0.3055555555555555
