eval_loss = 2.8936173915863037
eval_acc = 0.55
eval_f1 = 0.5603174603174603
eval_acc_and_f1 = 0.5551587301587302
