eval_loss = 0.39144888520240784
eval_acc = 0.8888888888888888
eval_f1 = 0.8907235408783397
eval_acc_and_f1 = 0.8898062148836143
