eval_loss = 2.390657663345337
eval_acc = 0.7037037037037037
eval_f1 = 0.7050653594771242
eval_acc_and_f1 = 0.704384531590414
