eval_loss = 5.651285171508789
eval_acc = 0.13333333333333333
eval_f1 = 0.1126984126984127
eval_acc_and_f1 = 0.12301587301587302
