eval_loss = 0.2921604514122009
eval_acc = 0.9230769230769231
eval_f1 = 0.9203665363085655
eval_acc_and_f1 = 0.9217217296927442
