eval_loss = 3.2476930618286133
eval_acc = 0.5142857142857142
eval_f1 = 0.5187179487179486
eval_acc_and_f1 = 0.5165018315018315
