eval_loss = 2.8695666790008545
eval_acc = 0.2571428571428571
eval_f1 = 0.2608432147562582
eval_acc_and_f1 = 0.2589930359495577
