eval_loss = 5.174878120422363
eval_acc = 0.34285714285714286
eval_f1 = 0.3264527629233512
eval_acc_and_f1 = 0.33465495289024705
