eval_loss = 4.261457920074463
eval_acc = 0.32
eval_f1 = 0.30428571428571427
eval_acc_and_f1 = 0.31214285714285717
