eval_loss = 5.301149845123291
eval_acc = 0.12
eval_f1 = 0.09714285714285716
eval_acc_and_f1 = 0.10857142857142857
