eval_loss = 0.4158415198326111
eval_acc = 0.9
eval_f1 = 0.8981620718462824
eval_acc_and_f1 = 0.8990810359231411
