eval_loss = 0.5468238592147827
eval_acc = 0.9333333333333333
eval_f1 = 0.933249791144528
eval_acc_and_f1 = 0.9332915622389306
