eval_loss = 2.433457612991333
eval_acc = 0.4166666666666667
eval_f1 = 0.3162393162393162
eval_acc_and_f1 = 0.3664529914529915
