eval_loss = 2.673990249633789
eval_acc = 0.6
eval_f1 = 0.5833333333333333
eval_acc_and_f1 = 0.5916666666666666
