eval_loss = 1.2357321977615356
eval_acc = 0.8666666666666667
eval_f1 = 0.8659932659932661
eval_acc_and_f1 = 0.8663299663299664
