eval_loss = 0.5604736804962158
eval_acc = 0.9259259259259259
eval_f1 = 0.9258112601765852
eval_acc_and_f1 = 0.9258685930512556
