eval_loss = 3.1542398929595947
eval_acc = 0.7692307692307693
eval_f1 = 0.7678571428571428
eval_acc_and_f1 = 0.768543956043956
