eval_loss = 2.091071844100952
eval_acc = 0.8571428571428571
eval_f1 = 0.8452020202020204
eval_acc_and_f1 = 0.8511724386724387
