eval_loss = 1.138879418373108
eval_acc = 0.8095238095238095
eval_f1 = 0.8087912087912087
eval_acc_and_f1 = 0.8091575091575092
