eval_loss = 2.4409115314483643
eval_acc = 0.6666666666666666
eval_f1 = 0.6654456654456654
eval_acc_and_f1 = 0.666056166056166
