eval_loss = 7.717702865600586
eval_acc = 0.26666666666666666
eval_f1 = 0.23714285714285716
eval_acc_and_f1 = 0.2519047619047619
