eval_loss = 3.711329221725464
eval_acc = 0.3333333333333333
eval_f1 = 0.286060606060606
eval_acc_and_f1 = 0.3096969696969697
