eval_loss = 3.8229570388793945
eval_acc = 0.5333333333333333
eval_f1 = 0.5333333333333333
eval_acc_and_f1 = 0.5333333333333333
