eval_loss = 2.248354196548462
eval_acc = 0.7
eval_f1 = 0.6969696969696968
eval_acc_and_f1 = 0.6984848484848484
