eval_loss = 1.9840939044952393
eval_acc = 0.6904761904761905
eval_f1 = 0.6918382913806255
eval_acc_and_f1 = 0.6911572409284079
