eval_loss = 1.2827683687210083
eval_acc = 0.7619047619047619
eval_f1 = 0.7513595352861203
eval_acc_and_f1 = 0.756632148595441
