eval_loss = 2.8213534355163574
eval_acc = 0.35
eval_f1 = 0.346984126984127
eval_acc_and_f1 = 0.3484920634920635
