eval_loss = 4.148982048034668
eval_acc = 0.425
eval_f1 = 0.42575757575757567
eval_acc_and_f1 = 0.4253787878787878
