eval_loss = 4.289569854736328
eval_acc = 0.16
eval_f1 = 0.12380952380952381
eval_acc_and_f1 = 0.14190476190476192
