eval_loss = 2.754348039627075
eval_acc = 0.52
eval_f1 = 0.5111111111111111
eval_acc_and_f1 = 0.5155555555555555
