eval_loss = 3.9631221294403076
eval_acc = 0.36
eval_f1 = 0.34133089133089134
eval_acc_and_f1 = 0.35066544566544566
