eval_loss = 1.794475793838501
eval_acc = 0.75
eval_f1 = 0.7498069498069497
eval_acc_and_f1 = 0.7499034749034749
