eval_loss = 2.420863151550293
eval_acc = 0.7333333333333333
eval_f1 = 0.7132034632034633
eval_acc_and_f1 = 0.7232683982683983
