eval_loss = 2.7801079750061035
eval_acc = 0.2
eval_f1 = 0.17872549019607842
eval_acc_and_f1 = 0.18936274509803921
