eval_loss = 3.8327438831329346
eval_acc = 0.475
eval_f1 = 0.4703634085213032
eval_acc_and_f1 = 0.4726817042606516
