eval_loss = 1.6429576873779297
eval_acc = 0.2
eval_f1 = 0.13999999999999999
eval_acc_and_f1 = 0.16999999999999998
