eval_loss = 1.1356803178787231
eval_acc = 0.8333333333333334
eval_f1 = 0.8380952380952381
eval_acc_and_f1 = 0.8357142857142857
