eval_loss = 1.5677870512008667
eval_acc = 0.675
eval_f1 = 0.6747967479674797
eval_acc_and_f1 = 0.6748983739837399
