eval_loss = 2.628319501876831
eval_acc = 0.6
eval_f1 = 0.5734707138215911
eval_acc_and_f1 = 0.5867353569107956
