eval_loss = 1.8891421556472778
eval_acc = 0.625
eval_f1 = 0.6247654784240151
eval_acc_and_f1 = 0.6248827392120075
