eval_loss = 2.7931973934173584
eval_acc = 0.175
eval_f1 = 0.16087277016069584
eval_acc_and_f1 = 0.16793638508034792
