eval_loss = 3.7659108638763428
eval_acc = 0.2
eval_f1 = 0.10909090909090909
eval_acc_and_f1 = 0.15454545454545454
