eval_loss = 6.906065464019775
eval_acc = 0.2
eval_f1 = 0.16825396825396824
eval_acc_and_f1 = 0.18412698412698414
