eval_loss = 3.8151278495788574
eval_acc = 0.6
eval_f1 = 0.5809523809523809
eval_acc_and_f1 = 0.5904761904761904
