eval_loss = 3.2559332847595215
eval_acc = 0.48
eval_f1 = 0.48701298701298706
eval_acc_and_f1 = 0.48350649350649355
