eval_loss = 2.529142379760742
eval_acc = 0.5625
eval_f1 = 0.5465587044534412
eval_acc_and_f1 = 0.5545293522267206
