eval_loss = 3.2487761974334717
eval_acc = 0.6666666666666666
eval_f1 = 0.6666666666666666
eval_acc_and_f1 = 0.6666666666666666
