eval_loss = 2.0845069885253906
eval_acc = 0.8333333333333334
eval_f1 = 0.8222222222222223
eval_acc_and_f1 = 0.8277777777777778
