eval_loss = 5.104541301727295
eval_acc = 0.5
eval_f1 = 0.43333333333333335
eval_acc_and_f1 = 0.4666666666666667
