eval_loss = 3.578331708908081
eval_acc = 0.4
eval_f1 = 0.41666666666666663
eval_acc_and_f1 = 0.4083333333333333
